[gd_scene load_steps=10 format=3 uid="uid://5gr2h7l2dewa"]

[ext_resource type="PackedScene" uid="uid://wqy2d82p2qpe" path="res://prefabs/gameplayObjects/buildings/npcHutWood.tscn" id="2_e12ab"]
[ext_resource type="PackedScene" uid="uid://rteyeco40n51" path="res://prefabs/gameplayObjects/buildings/church.tscn" id="3_8a2oo"]
[ext_resource type="PackedScene" uid="uid://tc161yn6qy2g" path="res://prefabs/gameplayObjects/furnitureAndProps/crate.tscn" id="3_gdnqo"]
[ext_resource type="PackedScene" uid="uid://cd2sokl2hqfxm" path="res://prefabs/gameplayObjects/furnitureAndProps/cart.tscn" id="4_x02g1"]
[ext_resource type="PackedScene" uid="uid://cqwbudfy1f435" path="res://prefabs/gameplayObjects/buildings/parts/hutExtension.tscn" id="4_yjing"]
[ext_resource type="PackedScene" uid="uid://ci8i3xlfqs6ej" path="res://prefabs/gameplayObjects/furnitureAndProps/tailor/loom.tscn" id="5_4tqtc"]
[ext_resource type="PackedScene" uid="uid://t78gk6woj4gv" path="res://prefabs/gameplayObjects/furnitureAndProps/fenceLeft.tscn" id="5_ndppl"]
[ext_resource type="PackedScene" uid="uid://cu7oh25dvuelt" path="res://prefabs/gameplayObjects/buildings/playerHutMk4.tscn" id="5_x4sbc"]
[ext_resource type="PackedScene" uid="uid://7td3ta0ppef7" path="res://prefabs/gameplayObjects/furnitureAndProps/lampPost.tscn" id="6_4ylnu"]

[node name="VillageEnvArtScene" type="Node3D"]

[node name="npcHutWood-merchant" parent="." instance=ExtResource("2_e12ab")]
transform = Transform3D(0.190141, 0, 0.981757, 0, 1, 0, -0.981757, 0, 0.190141, -14.4842, 0, -36.9828)

[node name="hutExtension" parent="npcHutWood-merchant" instance=ExtResource("4_yjing")]
transform = Transform3D(-0.999992, 0, 0.00410143, 0, 1, 0, -0.00410143, 0, -0.999992, -3.0736, 0, 0.121904)

[node name="crate" parent="npcHutWood-merchant/hutExtension" instance=ExtResource("3_gdnqo")]
transform = Transform3D(0.408018, 0, -0.439911, 0, 0.6, 0, 0.439911, 0, 0.408018, 0.972366, 0, -2.77432)

[node name="crate2" parent="npcHutWood-merchant/hutExtension" instance=ExtResource("3_gdnqo")]
transform = Transform3D(0.205351, 0, -0.517041, 0, 0.48, 0, 0.43776, 0, 0.242541, 1.31438, -0.0291099, -1.61204)

[node name="crate3" parent="npcHutWood-merchant/hutExtension" instance=ExtResource("3_gdnqo")]
transform = Transform3D(0.386654, 0, -0.22496, 0, 0.273696, 0, 0.189822, 0, 0.458229, 0.972771, 1.28246, -2.53485)

[node name="cart2" parent="npcHutWood-merchant/hutExtension" instance=ExtResource("4_x02g1")]
transform = Transform3D(-0.209124, 0, 0.977891, 0, 1, 0, -0.977891, 0, -0.209124, 3.72253, 0, 1.1231)
visible = false

[node name="npcHutWood-tailor" parent="." instance=ExtResource("2_e12ab")]
transform = Transform3D(-0.972386, 0, -0.233377, 0, 1, 0, 0.233377, 0, -0.972386, -11.6512, 0, -4.38897)

[node name="hutExtension" parent="npcHutWood-tailor" instance=ExtResource("4_yjing")]
transform = Transform3D(-0.999718, 0, 0.0239094, 0, 1, 0, -0.0239094, 0, -0.999718, -3.35935, -9.53675e-07, -0.0572836)

[node name="loom" parent="npcHutWood-tailor/hutExtension" instance=ExtResource("5_4tqtc")]
transform = Transform3D(-0.989565, -0.00878778, 0.143787, -0.00896791, 0.99996, -0.000604925, -0.143776, -0.0018881, -0.989604, 2.00217, -0.0637789, -2.04766)

[node name="crate2" parent="npcHutWood-tailor/hutExtension" instance=ExtResource("3_gdnqo")]
transform = Transform3D(0.0890498, 0, -1.04251, 0, 0.445482, 0, 0.492155, 0, 0.188631, 1.02279, 9.53675e-07, 2.40575)

[node name="crate3" parent="npcHutWood-tailor/hutExtension" instance=ExtResource("3_gdnqo")]
transform = Transform3D(0.283278, 0, -0.698553, 0, 0.335749, 0, 0.536557, 0, 0.368805, 0.848928, 9.53675e-07, 1.05933)

[node name="crate4" parent="npcHutWood-tailor/hutExtension" instance=ExtResource("3_gdnqo")]
transform = Transform3D(0.0608767, 0, -0.297954, 0, 0.248671, 0, 0.274098, 0, 0.0661752, 0.742293, 0.728435, 1.47163)

[node name="crate5" parent="npcHutWood-tailor/hutExtension" instance=ExtResource("3_gdnqo")]
transform = Transform3D(0.27407, 0, -0.0663099, 0, 0.248671, 0, 0.0610006, 0, 0.297924, 0.441763, 0.863675, 2.36566)

[node name="crate6" parent="npcHutWood-tailor/hutExtension" instance=ExtResource("3_gdnqo")]
transform = Transform3D(0.2061, 0, -0.207274, 0, 0.248672, 0, 0.190677, 0, 0.224039, -0.044837, -0.00835055, -2.11731)

[node name="npcHutWood-priest" parent="." instance=ExtResource("2_e12ab")]
transform = Transform3D(-0.5833, 0, 0.812257, 0, 1, 0, -0.812257, 0, -0.5833, -22.9098, 0, -11.2575)

[node name="npcHutWood-hunter" parent="." instance=ExtResource("2_e12ab")]
transform = Transform3D(0.649435, 0, -0.760417, 0, 1, 0, 0.760417, 0, 0.649435, 3.1464, -1.90735e-06, -37.0418)

[node name="npcHutWood-carpenter" parent="." instance=ExtResource("2_e12ab")]
transform = Transform3D(-0.992101, 0, -0.125437, 0, 1, 0, 0.125437, 0, -0.992101, 8.28851, -9.53675e-07, -1.99487)

[node name="hutExtension" parent="npcHutWood-carpenter" instance=ExtResource("4_yjing")]
transform = Transform3D(0.999997, 0, 0.00293157, 0, 1, 0, -0.00293157, 0, 0.999997, 3.60985, -9.53675e-07, 0.0814919)

[node name="church" parent="." instance=ExtResource("3_8a2oo")]
transform = Transform3D(-0.112007, 0, -0.993707, 0, 1, 0, 0.993707, 0, -0.112007, 13.7719, 0.983361, -22.6046)

[node name="playerHut-alchemist" parent="." instance=ExtResource("5_x4sbc")]
transform = Transform3D(0.146428, 0, 0.989222, 0, 1, 0, -0.989222, 0, 0.146428, -25.5695, 0, -26.0949)

[node name="fenceEnclosure" type="Node3D" parent="."]

[node name="fenceLeft" parent="fenceEnclosure" instance=ExtResource("5_ndppl")]
transform = Transform3D(0.995927, 0, 0.0901633, 0, 1, 0, -0.0901633, 0, 0.995927, 2.35503, 0, 7.63405)

[node name="fenceLeft63" parent="fenceEnclosure" instance=ExtResource("5_ndppl")]
transform = Transform3D(0.923096, 0, 0.384569, 0, 1, 0, -0.384569, 0, 0.923096, -0.358917, 0, 8.84025)

[node name="fenceLeft2" parent="fenceEnclosure" instance=ExtResource("5_ndppl")]
transform = Transform3D(0.947154, 0, 0.320778, 0, 1, 0, -0.320778, 0, 0.947154, 5.34516, -2.38419e-07, 7.34306)

[node name="fenceLeft3" parent="fenceEnclosure" instance=ExtResource("5_ndppl")]
transform = Transform3D(0.887301, 0, 0.461191, 0, 1, 0, -0.461191, 0, 0.887301, 8.37602, -2.38419e-07, 6.28885)

[node name="fenceLeft4" parent="fenceEnclosure" instance=ExtResource("5_ndppl")]
transform = Transform3D(0.827786, 0, 0.561044, 0, 1, 0, -0.561044, 0, 0.827786, 11.308, -2.38419e-07, 4.74048)

[node name="fenceLeft5" parent="fenceEnclosure" instance=ExtResource("5_ndppl")]
transform = Transform3D(0.929789, 0, 0.368092, 0, 1, 0, -0.368092, 0, 0.929789, 14.0485, -2.38419e-07, 2.93076)

[node name="fenceLeft6" parent="fenceEnclosure" instance=ExtResource("5_ndppl")]
transform = Transform3D(0.961252, 0, 0.275671, 0, 1, 0, -0.275671, 0, 0.961252, 17.1508, -2.38419e-07, 1.79323)

[node name="fenceLeft7" parent="fenceEnclosure" instance=ExtResource("5_ndppl")]
transform = Transform3D(0.980529, 0, 0.196374, 0, 1, 0, -0.196374, 0, 0.980529, 20.2015, -2.38419e-07, 0.862524)

[node name="fenceLeft8" parent="fenceEnclosure" instance=ExtResource("5_ndppl")]
transform = Transform3D(0.924446, 0, 0.381312, 0, 1, 0, -0.381312, 0, 0.924446, 23.3555, -2.38419e-07, 0.242052)

[node name="fenceLeft9" parent="fenceEnclosure" instance=ExtResource("5_ndppl")]
transform = Transform3D(0.87412, 0, 0.48571, 0, 1, 0, -0.48571, 0, 0.87412, 26.3143, -2.38419e-07, -0.949154)

[node name="fenceLeft10" parent="fenceEnclosure" instance=ExtResource("5_ndppl")]
transform = Transform3D(0.802984, 0, 0.596001, 0, 1, 0, -0.596001, 0, 0.802984, 29.1579, -2.38419e-07, -2.48619)

[node name="fenceLeft11" parent="fenceEnclosure" instance=ExtResource("5_ndppl")]
transform = Transform3D(0.265001, 0, 0.964248, 0, 1, 0, -0.964248, 0, 0.265001, 31.694, -2.38419e-07, -4.36907)

[node name="fenceLeft12" parent="fenceEnclosure" instance=ExtResource("5_ndppl")]
transform = Transform3D(0.0662042, 0, 0.997806, 0, 1, 0, -0.997806, 0, 0.0662042, 32.5394, -2.38419e-07, -7.32787)

[node name="fenceLeft13" parent="fenceEnclosure" instance=ExtResource("5_ndppl")]
transform = Transform3D(-0.0529983, 0, 0.998595, 0, 1, 0, -0.998595, 0, -0.0529983, 32.6931, -2.38419e-07, -10.5172)

[node name="fenceLeft14" parent="fenceEnclosure" instance=ExtResource("5_ndppl")]
transform = Transform3D(0.16744, 0, 0.985882, 0, 1, 0, -0.985882, 0, 0.16744, 32.5009, -2.38419e-07, -14.0524)

[node name="fenceLeft15" parent="fenceEnclosure" instance=ExtResource("5_ndppl")]
transform = Transform3D(0.332573, 0, 0.943078, 0, 1, 0, -0.943078, 0, 0.332573, 33.0389, -2.38419e-07, -17.0496)

[node name="fenceLeft16" parent="fenceEnclosure" instance=ExtResource("5_ndppl")]
transform = Transform3D(0.07242, 0, 0.997374, 0, 1, 0, -0.997374, 0, 0.07242, 34.1148, -2.38419e-07, -20.0084)

[node name="fenceLeft17" parent="fenceEnclosure" instance=ExtResource("5_ndppl")]
transform = Transform3D(0.00534066, 0, 0.999986, 0, 1, 0, -0.999986, 0, 0.00534066, 34.4222, -2.38419e-07, -23.1594)

[node name="fenceLeft18" parent="fenceEnclosure" instance=ExtResource("5_ndppl")]
transform = Transform3D(-0.358466, 0, 0.933543, 0, 1, 0, -0.933543, 0, -0.358466, 34.4435, -2.38419e-07, -26.3427)

[node name="fenceLeft19" parent="fenceEnclosure" instance=ExtResource("5_ndppl")]
transform = Transform3D(-0.642868, 0, 0.765977, 0, 1, 0, -0.765977, 0, -0.642868, 33.2974, -2.38419e-07, -29.2714)

[node name="fenceLeft20" parent="fenceEnclosure" instance=ExtResource("5_ndppl")]
transform = Transform3D(-0.776541, 0, 0.630066, 0, 1, 0, -0.630066, 0, -0.776541, 31.1842, -2.38419e-07, -31.7844)

[node name="fenceLeft21" parent="fenceEnclosure" instance=ExtResource("5_ndppl")]
transform = Transform3D(-0.552097, 0, 0.83378, 0, 1, 0, -0.83378, 0, -0.552097, 28.7284, -2.38419e-07, -33.7834)

[node name="fenceLeft22" parent="fenceEnclosure" instance=ExtResource("5_ndppl")]
transform = Transform3D(-0.814511, 0, 0.580149, 0, 1, 0, -0.580149, 0, -0.814511, 26.9578, -2.38419e-07, -36.4963)

[node name="fenceLeft23" parent="fenceEnclosure" instance=ExtResource("5_ndppl")]
transform = Transform3D(-0.925117, 0, 0.379682, 0, 1, 0, -0.379682, 0, -0.925117, 24.2735, -2.38419e-07, -38.381)

[node name="fenceLeft24" parent="fenceEnclosure" instance=ExtResource("5_ndppl")]
transform = Transform3D(-0.833876, 0, 0.551952, 0, 1, 0, -0.551952, 0, -0.833876, 21.2751, -2.38419e-07, -39.6375)

[node name="fenceLeft25" parent="fenceEnclosure" instance=ExtResource("5_ndppl")]
transform = Transform3D(-0.706279, 0, 0.707933, 0, 1, 0, -0.707933, 0, -0.706279, 18.5907, -2.38419e-07, -41.4651)

[node name="fenceLeft26" parent="fenceEnclosure" instance=ExtResource("5_ndppl")]
transform = Transform3D(-0.981467, 0, 0.191631, 0, 1, 0, -0.191631, 0, -0.981467, 16.3347, -2.38419e-07, -43.7211)

[node name="fenceLeft27" parent="fenceEnclosure" instance=ExtResource("5_ndppl")]
transform = Transform3D(-0.8999, 0, 0.436095, 0, 1, 0, -0.436095, 0, -0.8999, 13.1935, -2.38419e-07, -44.3494)

[node name="fenceLeft28" parent="fenceEnclosure" instance=ExtResource("5_ndppl")]
transform = Transform3D(-0.959501, 0, 0.281705, 0, 1, 0, -0.281705, 0, -0.959501, 10.2623, -2.38419e-07, -45.7483)

[node name="fenceLeft29" parent="fenceEnclosure" instance=ExtResource("5_ndppl")]
transform = Transform3D(-0.999166, 0, -0.0408293, 0, 1, 0, 0.0408293, 0, -0.999166, 7.16463, -2.38419e-07, -46.6477)

[node name="fenceLeft30" parent="fenceEnclosure" instance=ExtResource("5_ndppl")]
transform = Transform3D(-0.926535, 0, -0.376208, 0, 1, 0, 0.376208, 0, -0.926535, 4.00032, -2.38419e-07, -46.5144)

[node name="fenceLeft31" parent="fenceEnclosure" instance=ExtResource("5_ndppl")]
transform = Transform3D(-0.995364, 0, -0.0961758, 0, 1, 0, 0.0961758, 0, -0.995364, 1.07959, -2.38419e-07, -45.3468)

[node name="fenceLeft65" parent="fenceEnclosure" instance=ExtResource("5_ndppl")]
transform = Transform3D(-0.641771, 0, 0.766897, 0, 1, 0, -0.766897, 0, -0.641771, -2.07748, -4.76837e-07, -44.8207)

[node name="fenceLeft66" parent="fenceEnclosure" instance=ExtResource("5_ndppl")]
transform = Transform3D(-0.996882, 0, 0.0789122, 0, 1, 0, -0.0789122, 0, -0.996882, -4.00873, -9.53674e-07, -47.2742)

[node name="fenceLeft32" parent="fenceEnclosure" instance=ExtResource("5_ndppl")]
transform = Transform3D(-0.999906, 0, -0.0137178, 0, 1, 0, 0.0137178, 0, -0.999906, -8.85681, -2.38419e-07, -44.8823)

[node name="fenceLeft64" parent="fenceEnclosure" instance=ExtResource("5_ndppl")]
transform = Transform3D(-0.555019, 0, -0.831838, 0, 1, 0, 0.831838, 0, -0.555019, -7.11657, -2.38419e-07, -47.4927)

[node name="fenceLeft33" parent="fenceEnclosure" instance=ExtResource("5_ndppl")]
transform = Transform3D(-0.987303, 0, -0.158847, 0, 1, 0, 0.158847, 0, -0.987303, -12.121, -2.38419e-07, -44.8157)

[node name="fenceLeft34" parent="fenceEnclosure" instance=ExtResource("5_ndppl")]
transform = Transform3D(-0.999594, 0, 0.02848, 0, 1, 0, -0.02848, 0, -0.999594, -15.352, -2.38419e-07, -44.2828)

[node name="fenceLeft35" parent="fenceEnclosure" instance=ExtResource("5_ndppl")]
transform = Transform3D(-0.99128, 0, -0.131772, 0, 1, 0, 0.131772, 0, -0.99128, -18.5496, -2.38419e-07, -44.3827)

[node name="fenceLeft36" parent="fenceEnclosure" instance=ExtResource("5_ndppl")]
transform = Transform3D(-0.910626, 0, -0.413232, 0, 1, 0, 0.413232, 0, -0.910626, -21.5141, -2.38419e-07, -43.983)

[node name="fenceLeft37" parent="fenceEnclosure" instance=ExtResource("5_ndppl")]
transform = Transform3D(-0.754515, 0, -0.656283, 0, 1, 0, 0.656283, 0, -0.754515, -24.4452, -2.38419e-07, -42.6506)

[node name="fenceLeft38" parent="fenceEnclosure" instance=ExtResource("5_ndppl")]
transform = Transform3D(-0.837643, 0, -0.546219, 0, 1, 0, 0.546219, 0, -0.837643, -26.8768, -2.38419e-07, -40.5855)

[node name="fenceLeft39" parent="fenceEnclosure" instance=ExtResource("5_ndppl")]
transform = Transform3D(-0.749927, 0, -0.661521, 0, 1, 0, 0.661521, 0, -0.749927, -29.6081, -2.38419e-07, -38.8201)

[node name="fenceLeft40" parent="fenceEnclosure" instance=ExtResource("5_ndppl")]
transform = Transform3D(-0.588632, 0, -0.808401, 0, 1, 0, 0.808401, 0, -0.588632, -32.0396, -2.38419e-07, -36.6551)

[node name="fenceLeft41" parent="fenceEnclosure" instance=ExtResource("5_ndppl")]
transform = Transform3D(-0.366307, 0, -0.930494, 0, 1, 0, 0.930494, 0, -0.366307, -33.9049, -2.38419e-07, -34.0237)

[node name="fenceLeft42" parent="fenceEnclosure" instance=ExtResource("5_ndppl")]
transform = Transform3D(-0.113949, 0, -0.993487, 0, 1, 0, 0.993487, 0, -0.113949, -35.0707, -2.38419e-07, -31.0592)

[node name="fenceLeft43" parent="fenceEnclosure" instance=ExtResource("5_ndppl")]
transform = Transform3D(-0.359883, 0, -0.932998, 0, 1, 0, 0.932998, 0, -0.359883, -35.4371, -2.38419e-07, -27.8949)

[node name="fenceLeft44" parent="fenceEnclosure" instance=ExtResource("5_ndppl")]
transform = Transform3D(0.00127405, 0, -0.999999, 0, 1, 0, 0.999999, 0, 0.00127405, -36.5696, -2.38419e-07, -24.8972)

[node name="fenceLeft45" parent="fenceEnclosure" instance=ExtResource("5_ndppl")]
transform = Transform3D(0.229268, 0, -0.973363, 0, 1, 0, 0.973363, 0, 0.229268, -36.5363, -2.38419e-07, -21.6662)

[node name="fenceLeft46" parent="fenceEnclosure" instance=ExtResource("5_ndppl")]
transform = Transform3D(-0.143735, 0, -0.989616, 0, 1, 0, 0.989616, 0, -0.143735, -35.7702, -2.38419e-07, -18.5352)

[node name="fenceLeft47" parent="fenceEnclosure" instance=ExtResource("5_ndppl")]
transform = Transform3D(-0.356428, 0, -0.934323, 0, 1, 0, 0.934323, 0, -0.356428, -36.2032, -2.38419e-07, -15.4042)

[node name="fenceLeft48" parent="fenceEnclosure" instance=ExtResource("5_ndppl")]
transform = Transform3D(0.204274, 0, -0.978914, 0, 1, 0, 0.978914, 0, 0.204274, -37.369, -2.38419e-07, -12.3731)

[node name="fenceLeft49" parent="fenceEnclosure" instance=ExtResource("5_ndppl")]
transform = Transform3D(0.37637, 0, -0.92647, 0, 1, 0, 0.92647, 0, 0.37637, -36.7028, -2.38419e-07, -9.24211)

[node name="fenceLeft50" parent="fenceEnclosure" instance=ExtResource("5_ndppl")]
transform = Transform3D(0.542881, 0, -0.83981, 0, 1, 0, 0.83981, 0, 0.542881, -35.5037, -2.38419e-07, -6.27764)

[node name="fenceLeft51" parent="fenceEnclosure" instance=ExtResource("5_ndppl")]
transform = Transform3D(0.685818, 0, -0.727773, 0, 1, 0, 0.727773, 0, 0.685818, -33.7716, -2.38419e-07, -3.61295)

[node name="fenceLeft52" parent="fenceEnclosure" instance=ExtResource("5_ndppl")]
transform = Transform3D(0.780703, 0, -0.624902, 0, 1, 0, 0.624902, 0, 0.780703, -31.5733, -2.38419e-07, -1.24804)

[node name="fenceLeft53" parent="fenceEnclosure" instance=ExtResource("5_ndppl")]
transform = Transform3D(0.480086, 0, -0.877222, 0, 1, 0, 0.877222, 0, 0.480086, -29.0751, -2.38419e-07, 0.783784)

[node name="fenceLeft54" parent="fenceEnclosure" instance=ExtResource("5_ndppl")]
transform = Transform3D(0.678096, 0, -0.734974, 0, 1, 0, 0.734974, 0, 0.678096, -27.5429, -2.38419e-07, 3.58171)

[node name="fenceLeft55" parent="fenceEnclosure" instance=ExtResource("5_ndppl")]
transform = Transform3D(0.85316, 0, -0.52165, 0, 1, 0, 0.52165, 0, 0.85316, -25.3779, -2.38419e-07, 5.94662)

[node name="fenceLeft56" parent="fenceEnclosure" instance=ExtResource("5_ndppl")]
transform = Transform3D(0.604307, 0, -0.796752, 0, 1, 0, 0.796752, 0, 0.604307, -22.58, -2.38419e-07, 7.67867)

[node name="fenceLeft57" parent="fenceEnclosure" instance=ExtResource("5_ndppl")]
transform = Transform3D(0.8699, 0, -0.493229, 0, 1, 0, 0.493229, 0, 0.8699, -20.6147, -2.38419e-07, 10.31)

[node name="fenceLeft58" parent="fenceEnclosure" instance=ExtResource("5_ndppl")]
transform = Transform3D(0.986746, 0, -0.162276, 0, 1, 0, 0.162276, 0, 0.986746, -17.7835, -2.38419e-07, 11.8756)

[node name="fenceLeft59" parent="fenceEnclosure" instance=ExtResource("5_ndppl")]
transform = Transform3D(0.996474, 0, 0.0839038, 0, 1, 0, -0.0839038, 0, 0.996474, -14.486, -2.38419e-07, 12.4418)

[node name="fenceLeft60" parent="fenceEnclosure" instance=ExtResource("5_ndppl")]
transform = Transform3D(0.954912, 0, 0.296892, 0, 1, 0, -0.296892, 0, 0.954912, -11.255, -2.38419e-07, 12.1753)

[node name="fenceLeft61" parent="fenceEnclosure" instance=ExtResource("5_ndppl")]
transform = Transform3D(0.98725, 0, -0.159175, 0, 1, 0, 0.159175, 0, 0.98725, -8.19064, -2.38419e-07, 11.2427)

[node name="fenceLeft62" parent="fenceEnclosure" instance=ExtResource("5_ndppl")]
transform = Transform3D(0.968218, 0, 0.25011, 0, 1, 0, -0.25011, 0, 0.968218, -5.05585, -2.38419e-07, 11.8551)

[node name="fenceLeft67" parent="fenceEnclosure" instance=ExtResource("5_ndppl")]
transform = Transform3D(0.640285, 0, 0.768139, 0, 1, 0, -0.768139, 0, 0.640285, -1.98521, -2.38419e-07, 11.3838)

[node name="lampPosts" type="Node3D" parent="."]

[node name="lampPost2" parent="lampPosts" instance=ExtResource("6_4ylnu")]
transform = Transform3D(-0.999832, 0, 0.0183249, 0, 1, 0, -0.0183249, 0, -0.999832, -2.69747, -4.76837e-07, -42.9878)

[node name="lampPost3" parent="lampPosts" instance=ExtResource("6_4ylnu")]
transform = Transform3D(-0.927752, 0, 0.373198, 0, 1, 0, -0.373198, 0, -0.927752, 2.90756, -4.76837e-07, -20.734)

[node name="lampPost4" parent="lampPosts" instance=ExtResource("6_4ylnu")]
transform = Transform3D(0.978042, 0, -0.208407, 0, 1, 0, 0.208407, 0, 0.978042, -6.49039, -2.14577e-06, 5.8713)
