[gd_scene load_steps=6 format=3 uid="uid://5gr2h7l2dewa"]

[ext_resource type="PackedScene" uid="uid://wqy2d82p2qpe" path="res://prefabs/gameplayObjects/buildings/npcHutWood.tscn" id="2_e12ab"]
[ext_resource type="PackedScene" uid="uid://rteyeco40n51" path="res://prefabs/gameplayObjects/buildings/church.tscn" id="3_8a2oo"]
[ext_resource type="PackedScene" uid="uid://cqwbudfy1f435" path="res://prefabs/gameplayObjects/buildings/parts/hutExtension.tscn" id="4_yjing"]
[ext_resource type="Script" path="res://scripts/playerHut.gd" id="5_vab5h"]
[ext_resource type="PackedScene" uid="uid://cu7oh25dvuelt" path="res://prefabs/gameplayObjects/buildings/playerHutMk4.tscn" id="5_x4sbc"]

[node name="VillageEnvArtScene" type="Node3D"]

[node name="npcHutWood" parent="." instance=ExtResource("2_e12ab")]
transform = Transform3D(0.190141, 0, 0.981757, 0, 1, 0, -0.981757, 0, 0.190141, -9.04528, 0, -36.1367)

[node name="npcHutWood2" parent="." instance=ExtResource("2_e12ab")]
transform = Transform3D(-0.779633, 0, 0.626237, 0, 1, 0, -0.626237, 0, -0.779633, -11.9186, 0, -8.46607)

[node name="npcHutWood3" parent="." instance=ExtResource("2_e12ab")]
transform = Transform3D(0.649435, 0, -0.760417, 0, 1, 0, 0.760417, 0, 0.649435, 3.1464, -1.90735e-06, -37.0418)

[node name="npcHutWood4" parent="." instance=ExtResource("2_e12ab")]
transform = Transform3D(-0.992101, 0, -0.125437, 0, 1, 0, 0.125437, 0, -0.992101, 8.04378, -9.53675e-07, -7.37757)

[node name="church" parent="." instance=ExtResource("3_8a2oo")]
transform = Transform3D(-0.112007, 0, -0.993707, 0, 1, 0, 0.993707, 0, -0.112007, 13.7719, 0.983361, -22.6046)

[node name="hutExtension" parent="." instance=ExtResource("4_yjing")]
transform = Transform3D(-0.194166, 0, -0.980969, 0, 1, 0, 0.980969, 0, -0.194166, -13.215, 0, -34.0075)

[node name="hutExtension2" parent="." instance=ExtResource("4_yjing")]
transform = Transform3D(-0.99173, 0, -0.128345, 0, 1, 0, 0.128345, 0, -0.99173, 4.6133, -1.90735e-06, -3.24566)

[node name="playerHut" parent="." node_paths=PackedStringArray("toResetColliders") instance=ExtResource("5_x4sbc")]
transform = Transform3D(-0.169986, 0, 0.985447, 0, 1, 0, -0.985447, 0, -0.169986, -18.242, 0, -18.3312)
script = ExtResource("5_vab5h")
toResetColliders = NodePath(".")
