[gd_scene load_steps=5 format=3 uid="uid://5gr2h7l2dewa"]

[ext_resource type="PackedScene" uid="uid://wqy2d82p2qpe" path="res://prefabs/gameplayObjects/buildings/npcHutWood.tscn" id="2_e12ab"]
[ext_resource type="PackedScene" uid="uid://rteyeco40n51" path="res://prefabs/gameplayObjects/buildings/church.tscn" id="3_8a2oo"]
[ext_resource type="PackedScene" uid="uid://cqwbudfy1f435" path="res://prefabs/gameplayObjects/buildings/parts/hutExtension.tscn" id="4_yjing"]
[ext_resource type="PackedScene" uid="uid://cu7oh25dvuelt" path="res://prefabs/gameplayObjects/buildings/playerHutMk4.tscn" id="5_x4sbc"]

[node name="VillageEnvArtScene" type="Node3D"]

[node name="npcHutWood-merchant" parent="." instance=ExtResource("2_e12ab")]
transform = Transform3D(0.190141, 0, 0.981757, 0, 1, 0, -0.981757, 0, 0.190141, -14.4842, 0, -36.9828)

[node name="hutExtension" parent="npcHutWood-merchant" instance=ExtResource("4_yjing")]
transform = Transform3D(-0.999992, 0, 0.00410143, 0, 1, 0, -0.00410143, 0, -0.999992, -3.0736, 0, 0.121904)

[node name="npcHutWood-tailor" parent="." instance=ExtResource("2_e12ab")]
transform = Transform3D(-0.972386, 0, -0.233377, 0, 1, 0, 0.233377, 0, -0.972386, -11.6512, 0, -4.38897)

[node name="hutExtension" parent="npcHutWood-tailor" instance=ExtResource("4_yjing")]
transform = Transform3D(-0.999718, 0, 0.0239094, 0, 1, 0, -0.0239094, 0, -0.999718, -3.35935, -9.53675e-07, -0.0572836)

[node name="npcHutWood-priest" parent="." instance=ExtResource("2_e12ab")]
transform = Transform3D(-0.5833, 0, 0.812257, 0, 1, 0, -0.812257, 0, -0.5833, -22.9098, 0, -11.2575)

[node name="npcHutWood-hunter" parent="." instance=ExtResource("2_e12ab")]
transform = Transform3D(0.649435, 0, -0.760417, 0, 1, 0, 0.760417, 0, 0.649435, 3.1464, -1.90735e-06, -37.0418)

[node name="npcHutWood-carpenter" parent="." instance=ExtResource("2_e12ab")]
transform = Transform3D(-0.992101, 0, -0.125437, 0, 1, 0, 0.125437, 0, -0.992101, 8.28851, -9.53675e-07, -1.99487)

[node name="hutExtension" parent="npcHutWood-carpenter" instance=ExtResource("4_yjing")]
transform = Transform3D(0.999997, 0, 0.00293157, 0, 1, 0, -0.00293157, 0, 0.999997, 3.60985, -9.53675e-07, 0.0814919)

[node name="church" parent="." instance=ExtResource("3_8a2oo")]
transform = Transform3D(-0.112007, 0, -0.993707, 0, 1, 0, 0.993707, 0, -0.112007, 13.7719, 0.983361, -22.6046)

[node name="playerHut-alchemist" parent="." instance=ExtResource("5_x4sbc")]
transform = Transform3D(0.146428, 0, 0.989222, 0, 1, 0, -0.989222, 0, 0.146428, -25.5695, 0, -26.0949)
script = null
