[gd_scene load_steps=20 format=3 uid="uid://cy8u56ullhoqr"]

[ext_resource type="Script" path="res://scripts/day.gd" id="1_0rold"]
[ext_resource type="PackedScene" uid="uid://j7nagwydbbem" path="res://scenes/villageEnvScene.tscn" id="1_lg165"]
[ext_resource type="PackedScene" uid="uid://bmotrrb5fci2n" path="res://prefabs/gameplayObjects/player.tscn" id="2_q54yj"]
[ext_resource type="PackedScene" uid="uid://bq7rn46ilrthd" path="res://prefabs/gameplayObjects/characters/priest.tscn" id="3_hgolj"]
[ext_resource type="PackedScene" uid="uid://bdxtlyav7kf57" path="res://prefabs/gameplayObjects/characters/hunter.tscn" id="5_omx54"]
[ext_resource type="PackedScene" uid="uid://caralmujwdn3h" path="res://prefabs/gameplayObjects/characters/merchant.tscn" id="7_4n2yj"]
[ext_resource type="Script" path="res://scripts/dialogues/sharedDialogue.gd" id="8_dlyje"]
[ext_resource type="PackedScene" uid="uid://cgbo0fg7mpkg0" path="res://prefabs/gameplayObjects/characters/tailor.tscn" id="9_3lds7"]
[ext_resource type="Resource" path="res://dialogues/day2/d2_group.dtl" id="9_c04dc"]
[ext_resource type="PackedScene" uid="uid://dyaiymo2seaqv" path="res://prefabs/gameplayObjects/pickupItems/chameleon.tscn" id="10_tfdr5"]
[ext_resource type="PackedScene" uid="uid://duvm7dnivxel8" path="res://prefabs/gameplayObjects/characters/carpenter.tscn" id="11_mmmfm"]
[ext_resource type="PackedScene" uid="uid://b1y0vkje6yxua" path="res://prefabs/gameplayObjects/pickupItems/stinkhorn.tscn" id="13_lrkyk"]
[ext_resource type="PackedScene" uid="uid://i60ugjjvc7xr" path="res://prefabs/gameplayObjects/bed.tscn" id="13_vw3u7"]
[ext_resource type="PackedScene" uid="uid://74n8babo727e" path="res://prefabs/gameplayObjects/pickupItems/calendula.tscn" id="14_hqtgx"]
[ext_resource type="PackedScene" uid="uid://tc161yn6qy2g" path="res://prefabs/gameplayObjects/furnitureAndProps/crate.tscn" id="15_mjudl"]
[ext_resource type="PackedScene" uid="uid://cd2sokl2hqfxm" path="res://prefabs/gameplayObjects/furnitureAndProps/cart.tscn" id="16_mx6qv"]
[ext_resource type="PackedScene" uid="uid://bwqa40li7tflu" path="res://prefabs/gameplayObjects/objectivesTab.tscn" id="17_i7kp2"]
[ext_resource type="PackedScene" uid="uid://bj0jbnlepr72h" path="res://prefabs/actionPointSystem.tscn" id="18_vrxjl"]
[ext_resource type="PackedScene" uid="uid://6qyvtyy4jjuo" path="res://prefabs/dayUI.tscn" id="19_puwb1"]

[node name="Day2" type="Node3D"]
script = ExtResource("1_0rold")
metadata/_edit_lock_ = true

[node name="VillageEnvScene" parent="." instance=ExtResource("1_lg165")]
metadata/_edit_lock_ = true

[node name="GameplayObjects" type="Node3D" parent="."]
metadata/_edit_lock_ = true

[node name="Player" parent="GameplayObjects" instance=ExtResource("2_q54yj")]
transform = Transform3D(-0.129142, 0, -0.991627, 0, 1, 0, 0.991627, 0, -0.129142, -21, 0.89, -26)

[node name="Priest" parent="GameplayObjects" node_paths=PackedStringArray("sharedDialogue") instance=ExtResource("3_hgolj")]
transform = Transform3D(-0.141298, 0, -0.989967, 0, 1, 0, 0.989967, 0, -0.141298, 1.05374, -0.0977421, -23.8462)
sharedDialogue = NodePath("../GroupDialogue")

[node name="Hunter" parent="GameplayObjects" node_paths=PackedStringArray("sharedDialogue") instance=ExtResource("5_omx54")]
transform = Transform3D(0.830022, 0, -0.557731, 0, 1, 0, 0.557731, 0, 0.830022, -0.774402, 0, -25.9667)
sharedDialogue = NodePath("../GroupDialogue")

[node name="Merchant" parent="GameplayObjects" node_paths=PackedStringArray("sharedDialogue") instance=ExtResource("7_4n2yj")]
transform = Transform3D(0.944284, 0, 0.32913, 0, 1, 0, -0.32913, 0, 0.944284, -2.49643, 0, -25.624)
sharedDialogue = NodePath("../GroupDialogue")

[node name="Tailor" parent="GameplayObjects" node_paths=PackedStringArray("sharedDialogue") instance=ExtResource("9_3lds7")]
transform = Transform3D(-0.985166, 0, 0.171602, 0, 1, 0, -0.171602, 0, -0.985166, -2.1736, 0, -21.0007)
sharedDialogue = NodePath("../GroupDialogue")

[node name="Carpenter" parent="GameplayObjects" node_paths=PackedStringArray("sharedDialogue") instance=ExtResource("11_mmmfm")]
transform = Transform3D(-0.700025, 0, -0.714118, 0, 1, 0, 0.714118, 0, -0.700025, -0.818804, 0, -21.3722)
sharedDialogue = NodePath("../GroupDialogue")

[node name="GroupDialogue" type="Node" parent="GameplayObjects"]
script = ExtResource("8_dlyje")
timeline = ExtResource("9_c04dc")

[node name="Chameleon" parent="GameplayObjects" instance=ExtResource("10_tfdr5")]
transform = Transform3D(-4.3184e-08, -0.987936, -0.154866, 1, -4.37114e-08, 0, -6.76939e-09, -0.154866, 0.987936, -22.9365, 0.253146, -23.7229)

[node name="Chameleon2" parent="GameplayObjects" instance=ExtResource("10_tfdr5")]
transform = Transform3D(0.456368, -0.416685, -0.328788, 0.409217, 6.19148e-05, 0.567927, -0.338038, -0.562471, 0.243633, 2.26354, 0.679864, -32.1622)

[node name="Stinkhorn" parent="GameplayObjects" instance=ExtResource("13_lrkyk")]
transform = Transform3D(1, -0.000793285, -4.41484e-05, 0.00079326, 1, -0.000569254, 4.45992e-05, 0.000569219, 1, -15.6778, 0, -26.7257)

[node name="Stinkhorn2" parent="GameplayObjects" instance=ExtResource("13_lrkyk")]
transform = Transform3D(1, 0, 0, 0, 1, 0, 0, 0, 1, -3.3639, 0, -38.1398)

[node name="Stinkhorn3" parent="GameplayObjects" instance=ExtResource("13_lrkyk")]
transform = Transform3D(1, 0, 0, 0, 1, 0, 0, 0, 1, -29.6487, 0, -22.3528)

[node name="Stinkhorn4" parent="GameplayObjects" instance=ExtResource("13_lrkyk")]
transform = Transform3D(1, 0, 0, 0, 1, 0, 0, 0, 1, 28.3543, 0, -17.9221)

[node name="ThatchBed" parent="GameplayObjects" instance=ExtResource("13_vw3u7")]
transform = Transform3D(0.819152, 0, -0.573576, 0, 1, 0, 0.573576, 0, 0.819152, -26.915, -0.121, -28.019)
nextNightPath = "res://scenes/nights/night2.tscn"
nextDayPath = "res://scenes/days/day3.tscn"

[node name="Calendula" parent="GameplayObjects" instance=ExtResource("14_hqtgx")]
transform = Transform3D(1, 0, 0, 0, 1, 0, 0, 0, 1, -16.6452, 0, -9.36213)

[node name="Calendula2" parent="GameplayObjects" instance=ExtResource("14_hqtgx")]
transform = Transform3D(1, 0, 0, 0, 1, 0, 0, 0, 1, 12.4133, 0, -3.75378)

[node name="woodenCart" type="Node3D" parent="."]
transform = Transform3D(0.890308, 0, 0.455358, 0, 1, 0, -0.455358, 0, 0.890308, -17.463, 0, -30.988)

[node name="crate" parent="woodenCart" instance=ExtResource("15_mjudl")]
transform = Transform3D(0.245696, 0, -0.547389, 0, 0.6, 0, 0.547389, 0, 0.245696, 0.414118, 0.115611, -2.12697)

[node name="cart" parent="woodenCart" instance=ExtResource("16_mx6qv")]
transform = Transform3D(0.377761, 0, -0.925905, 0, 1, 0, 0.925905, 0, 0.377761, 0.519151, 0, 0.104183)

[node name="Objectives" parent="." instance=ExtResource("17_i7kp2")]
objectives = Array[String](["- Talk to the villagers", "- Go to bed", "- Collect ingredients", "- Craft Potions (E)"])

[node name="ActionPointSystem" parent="." instance=ExtResource("18_vrxjl")]

[node name="DayUI" parent="." instance=ExtResource("19_puwb1")]
