[gd_scene load_steps=11 format=3 uid="uid://dstk8m60uvuph"]

[ext_resource type="PackedScene" uid="uid://j7nagwydbbem" path="res://scenes/villageEnvScene.tscn" id="1_j47ae"]
[ext_resource type="PackedScene" uid="uid://bmotrrb5fci2n" path="res://prefabs/gameplayObjects/player.tscn" id="2_ucebf"]
[ext_resource type="PackedScene" uid="uid://bq7rn46ilrthd" path="res://prefabs/gameplayObjects/characters/priest.tscn" id="3_qqc1u"]
[ext_resource type="PackedScene" uid="uid://bdxtlyav7kf57" path="res://prefabs/gameplayObjects/characters/hunter.tscn" id="4_awfyt"]
[ext_resource type="PackedScene" uid="uid://caralmujwdn3h" path="res://prefabs/gameplayObjects/characters/merchant.tscn" id="5_c6oxk"]
[ext_resource type="PackedScene" uid="uid://cgbo0fg7mpkg0" path="res://prefabs/gameplayObjects/characters/tailor.tscn" id="6_l215m"]
[ext_resource type="PackedScene" uid="uid://duvm7dnivxel8" path="res://prefabs/gameplayObjects/characters/carpenter.tscn" id="7_reh7h"]
[ext_resource type="Script" path="res://scripts/gameplayObjects/bed.gd" id="8_3bgfn"]
[ext_resource type="Script" path="res://scripts/components/interactable.gd" id="9_pjn0l"]

[sub_resource type="CylinderMesh" id="CylinderMesh_mnhcf"]

[node name="Day4" type="Node3D"]
metadata/_edit_lock_ = true

[node name="VillageEnvScene" parent="." instance=ExtResource("1_j47ae")]
metadata/_edit_lock_ = true

[node name="GameplayObjects" type="Node3D" parent="."]
metadata/_edit_lock_ = true

[node name="Player" parent="GameplayObjects" instance=ExtResource("2_ucebf")]
transform = Transform3D(0.110203, 0, -0.99391, 0, 1, 0, 0.99391, 0, 0.110203, -14.0247, 0.890025, -19.0837)

[node name="Priest" parent="GameplayObjects" instance=ExtResource("3_qqc1u")]
transform = Transform3D(0.231154, 0, 0.972917, 0, 1, 0, -0.972917, 0, 0.231154, 9.65526, 0, -22.4799)

[node name="Hunter" parent="GameplayObjects" instance=ExtResource("4_awfyt")]
transform = Transform3D(0.475286, 0, -0.879831, 0, 1, 0, 0.879831, 0, 0.475286, 6.93689, 0, -33.5308)

[node name="Merchant" parent="GameplayObjects" instance=ExtResource("5_c6oxk")]
transform = Transform3D(0.836592, 0, 0.547826, 0, 1, 0, -0.547826, 0, 0.836592, -12.5013, 0, -31.4773)

[node name="Tailor" parent="GameplayObjects" instance=ExtResource("6_l215m")]
transform = Transform3D(-0.677903, 0, 0.735151, 0, 1, 0, -0.735151, 0, -0.677903, -8.60984, 0, -8.53276)

[node name="Carpenter" parent="GameplayObjects" instance=ExtResource("7_reh7h")]
transform = Transform3D(-0.700025, 0, -0.714118, 0, 1, 0, 0.714118, 0, -0.700025, 5.46815, 0, -10.4761)

[node name="CSGMesh3D" type="CSGMesh3D" parent="." node_paths=PackedStringArray("interactable")]
transform = Transform3D(1, 0, 0, 0, 1, 0, 0, 0, 1, -14.1892, 0.957601, -17.1972)
use_collision = true
mesh = SubResource("CylinderMesh_mnhcf")
script = ExtResource("8_3bgfn")
interactable = NodePath("Interactable")
nextNightPath = "res://scenes/nights/night5.tscn"
nextDayPath = "res://scenes/days/day1.tscn"

[node name="Interactable" type="Node" parent="CSGMesh3D"]
script = ExtResource("9_pjn0l")
interactionName = "Bed"
interactionDescription = "Click to sleep"
