[gd_scene load_steps=25 format=3 uid="uid://c8n4rwnfiove6"]

[ext_resource type="PackedScene" uid="uid://j7nagwydbbem" path="res://scenes/villageEnvScene.tscn" id="1_1o4bl"]
[ext_resource type="Script" path="res://scripts/day.gd" id="1_xuxjc"]
[ext_resource type="PackedScene" uid="uid://bmotrrb5fci2n" path="res://prefabs/gameplayObjects/player.tscn" id="2_p0ynu"]
[ext_resource type="PackedScene" uid="uid://bq7rn46ilrthd" path="res://prefabs/gameplayObjects/characters/priest.tscn" id="3_ox2fn"]
[ext_resource type="Script" path="res://scripts/dialogues/sharedDialogue.gd" id="4_fera6"]
[ext_resource type="Resource" path="res://dialogues/day6/d6_priest.dtl" id="6_44wrj"]
[ext_resource type="PackedScene" uid="uid://bdxtlyav7kf57" path="res://prefabs/gameplayObjects/characters/hunter.tscn" id="7_5gbqq"]
[ext_resource type="Resource" path="res://dialogues/day6/d6_hunter.dtl" id="8_85un5"]
[ext_resource type="PackedScene" uid="uid://caralmujwdn3h" path="res://prefabs/gameplayObjects/characters/merchant.tscn" id="9_pgqoy"]
[ext_resource type="Resource" path="res://dialogues/day6/d6_merchant.dtl" id="10_246w2"]
[ext_resource type="PackedScene" uid="uid://cgbo0fg7mpkg0" path="res://prefabs/gameplayObjects/characters/tailor.tscn" id="11_yntmb"]
[ext_resource type="Resource" path="res://dialogues/day6/d6_tailor.dtl" id="12_7kl7s"]
[ext_resource type="PackedScene" uid="uid://duvm7dnivxel8" path="res://prefabs/gameplayObjects/characters/carpenter.tscn" id="13_8slbb"]
[ext_resource type="Resource" path="res://dialogues/day6/d6_carpenter.dtl" id="14_msj8j"]
[ext_resource type="PackedScene" uid="uid://i60ugjjvc7xr" path="res://prefabs/gameplayObjects/bed.tscn" id="16_ygq6v"]
[ext_resource type="PackedScene" uid="uid://tc161yn6qy2g" path="res://prefabs/gameplayObjects/furnitureAndProps/crate.tscn" id="17_sr44w"]
[ext_resource type="PackedScene" uid="uid://cd2sokl2hqfxm" path="res://prefabs/gameplayObjects/furnitureAndProps/cart.tscn" id="18_a5778"]
[ext_resource type="PackedScene" uid="uid://bwqa40li7tflu" path="res://prefabs/gameplayObjects/objectivesTab.tscn" id="19_wffsl"]
[ext_resource type="PackedScene" uid="uid://bj0jbnlepr72h" path="res://prefabs/actionPointSystem.tscn" id="20_1nwqr"]
[ext_resource type="PackedScene" uid="uid://6qyvtyy4jjuo" path="res://prefabs/dayUI.tscn" id="21_fpfau"]
[ext_resource type="Script" path="res://scripts/events/day6Event.gd" id="21_w2kw8"]
[ext_resource type="Resource" path="res://dialogues/day6/d6.dtl" id="22_0v6m0"]
[ext_resource type="PackedScene" uid="uid://dyaiymo2seaqv" path="res://prefabs/gameplayObjects/pickupItems/chameleon.tscn" id="23_gd2dg"]
[ext_resource type="PackedScene" uid="uid://b1y0vkje6yxua" path="res://prefabs/gameplayObjects/pickupItems/stinkhorn.tscn" id="24_ciacm"]

[node name="Day6" type="Node3D"]
script = ExtResource("1_xuxjc")
metadata/_edit_lock_ = true

[node name="VillageEnvScene" parent="." instance=ExtResource("1_1o4bl")]
metadata/_edit_lock_ = true

[node name="GameplayObjects" type="Node3D" parent="."]
metadata/_edit_lock_ = true

[node name="Player" parent="GameplayObjects" instance=ExtResource("2_p0ynu")]
transform = Transform3D(0.117, 0, -0.993132, 0, 1, 0, 0.993132, 0, 0.117, -21, 0.89, -26)

[node name="Priest" parent="GameplayObjects" node_paths=PackedStringArray("sharedDialogue") instance=ExtResource("3_ox2fn")]
transform = Transform3D(0.231154, 0, 0.972917, 0, 1, 0, -0.972917, 0, 0.231154, 9.65526, 0, -22.4799)
sharedDialogue = NodePath("PriestDialogue")

[node name="PriestDialogue" type="Node" parent="GameplayObjects/Priest"]
script = ExtResource("4_fera6")
timeline = ExtResource("6_44wrj")

[node name="Hunter" parent="GameplayObjects" node_paths=PackedStringArray("sharedDialogue") instance=ExtResource("7_5gbqq")]
transform = Transform3D(0.475286, 0, -0.879831, 0, 1, 0, 0.879831, 0, 0.475286, 6.93689, 0, -33.5308)
sharedDialogue = NodePath("HunterDialogue")

[node name="HunterDialogue" type="Node" parent="GameplayObjects/Hunter"]
script = ExtResource("4_fera6")
timeline = ExtResource("8_85un5")

[node name="Merchant" parent="GameplayObjects" node_paths=PackedStringArray("sharedDialogue") instance=ExtResource("9_pgqoy")]
transform = Transform3D(0.980029, 0, 0.198855, 0, 1, 0, -0.198855, 0, 0.980029, -14.3206, 0, -29.9573)
sharedDialogue = NodePath("MerchantDialogue")

[node name="MerchantDialogue" type="Node" parent="GameplayObjects/Merchant"]
script = ExtResource("4_fera6")
timeline = ExtResource("10_246w2")

[node name="Tailor" parent="GameplayObjects" node_paths=PackedStringArray("sharedDialogue") instance=ExtResource("11_yntmb")]
transform = Transform3D(-0.994565, 0, -0.104112, 0, 1, 0, 0.104112, 0, -0.994565, -8.87064, 0, -10.6179)
sharedDialogue = NodePath("TailorDialogue")

[node name="TailorDialogue" type="Node" parent="GameplayObjects/Tailor"]
script = ExtResource("4_fera6")
timeline = ExtResource("12_7kl7s")

[node name="Carpenter" parent="GameplayObjects" node_paths=PackedStringArray("sharedDialogue") instance=ExtResource("13_8slbb")]
transform = Transform3D(-0.700025, 0, -0.714118, 0, 1, 0, 0.714118, 0, -0.700025, 3.99921, 0, -9.32232)
sharedDialogue = NodePath("CarpenterDialogue")

[node name="CarpenterDialogue" type="Node" parent="GameplayObjects/Carpenter"]
script = ExtResource("4_fera6")
timeline = ExtResource("14_msj8j")

[node name="ThatchBed" parent="GameplayObjects" instance=ExtResource("16_ygq6v")]
transform = Transform3D(0.819152, 0, -0.573576, 0, 1, 0, 0.573576, 0, 0.819152, -26.915, -0.121, -28.019)
nextNightPath = "res://scenes/nights/night6.tscn"
nextDayPath = "res://scenes/days/day7.tscn"

[node name="Chameleon" parent="GameplayObjects" instance=ExtResource("23_gd2dg")]
transform = Transform3D(-0.0633275, 0.985771, -0.155708, -0.60465, 0.0862267, 0.79181, 0.79397, 0.144292, 0.590586, -22.8762, 1.3008, -24.3792)

[node name="Stinkhorn" parent="GameplayObjects" instance=ExtResource("24_ciacm")]
transform = Transform3D(1, 0, 0, 0, 1, 0, 0, 0, 1, -19.3028, -0.0949997, -29.1332)

[node name="Stinkhorn2" parent="GameplayObjects" instance=ExtResource("24_ciacm")]
transform = Transform3D(1, 0, 0, 0, 1, 0, 0, 0, 1, 10.4513, -0.0949994, -30.1708)

[node name="Stinkhorn3" parent="GameplayObjects" instance=ExtResource("24_ciacm")]
transform = Transform3D(1, 0, 0, 0, 1, 0, 0, 0, 1, 11.5779, -0.095, -5.19297)

[node name="Chameleon2" parent="GameplayObjects" instance=ExtResource("23_gd2dg")]
transform = Transform3D(-0.0699574, 0.994586, 0.0768421, 0.292678, -0.0531765, 0.954731, 0.953648, 0.0892806, -0.287374, 28.3272, 1.17356, -22.8762)

[node name="woodenCart" type="Node3D" parent="."]
transform = Transform3D(0.890308, 0, 0.455358, 0, 1, 0, -0.455358, 0, 0.890308, -17.463, 0, -30.988)

[node name="crate" parent="woodenCart" instance=ExtResource("17_sr44w")]
transform = Transform3D(0.245696, 0, -0.547389, 0, 0.6, 0, 0.547389, 0, 0.245696, 0.414118, 0.115611, -2.12697)

[node name="cart" parent="woodenCart" instance=ExtResource("18_a5778")]
transform = Transform3D(0.377761, 0, -0.925905, 0, 1, 0, 0.925905, 0, 0.377761, 0.519151, 0, 0.104183)

[node name="Objectives" parent="." instance=ExtResource("19_wffsl")]
objectives = Array[String](["- Trick some villagers into thinking you made a potion to kill the werewolf", "- Go to bed", "- Collect ingredients", "- Craft Potions (E)"])
hiddenObjectives = Array[int]([])

[node name="ActionPointSystem" parent="." instance=ExtResource("20_1nwqr")]
nbPoints = 3

[node name="DayUI" parent="." instance=ExtResource("21_fpfau")]

[node name="Day6Event" type="Node" parent="." node_paths=PackedStringArray("player", "dialogue", "werewolfDialogue", "bed")]
script = ExtResource("21_w2kw8")
player = NodePath("../GameplayObjects/Player")
dialogue = NodePath("../SharedDialogue")
werewolfDialogue = NodePath("../GameplayObjects/Merchant/MerchantDialogue")
bed = NodePath("../GameplayObjects/ThatchBed")
nextNightPathIfTalkedToWerewolf = "res://scenes/nights/night6safe.tscn"

[node name="SharedDialogue" type="Node" parent="."]
script = ExtResource("4_fera6")
timeline = ExtResource("22_0v6m0")
