[gd_scene load_steps=19 format=3 uid="uid://c2cbevuyvr7fn"]

[ext_resource type="PackedScene" uid="uid://j7nagwydbbem" path="res://scenes/villageEnvScene.tscn" id="1_83ftn"]
[ext_resource type="Script" path="res://scripts/day.gd" id="1_e1eas"]
[ext_resource type="PackedScene" uid="uid://bmotrrb5fci2n" path="res://prefabs/gameplayObjects/player.tscn" id="2_e7q4a"]
[ext_resource type="PackedScene" uid="uid://bq7rn46ilrthd" path="res://prefabs/gameplayObjects/characters/priest.tscn" id="3_gyebx"]
[ext_resource type="PackedScene" uid="uid://bdxtlyav7kf57" path="res://prefabs/gameplayObjects/characters/hunter.tscn" id="4_qqqmy"]
[ext_resource type="PackedScene" uid="uid://caralmujwdn3h" path="res://prefabs/gameplayObjects/characters/merchant.tscn" id="5_0trnn"]
[ext_resource type="PackedScene" uid="uid://cgbo0fg7mpkg0" path="res://prefabs/gameplayObjects/characters/tailor.tscn" id="6_c426k"]
[ext_resource type="PackedScene" uid="uid://duvm7dnivxel8" path="res://prefabs/gameplayObjects/characters/carpenter.tscn" id="7_rbo54"]
[ext_resource type="Script" path="res://scripts/dialogues/sharedDialogue.gd" id="8_txfji"]
[ext_resource type="Resource" path="res://dialogues/day8/d8_group.dtl" id="9_tq8r5"]
[ext_resource type="PackedScene" uid="uid://dyaiymo2seaqv" path="res://prefabs/gameplayObjects/pickupItems/chameleon.tscn" id="10_teh3m"]
[ext_resource type="PackedScene" uid="uid://b1y0vkje6yxua" path="res://prefabs/gameplayObjects/pickupItems/stinkhorn.tscn" id="11_ltu40"]
[ext_resource type="Script" path="res://scripts/gameplayObjects/bed.gd" id="12_tae03"]
[ext_resource type="Script" path="res://scripts/components/interactable.gd" id="13_coyod"]
[ext_resource type="PackedScene" uid="uid://74n8babo727e" path="res://prefabs/gameplayObjects/pickupItems/calendula.tscn" id="14_l0was"]
[ext_resource type="PackedScene" uid="uid://tc161yn6qy2g" path="res://prefabs/gameplayObjects/furnitureAndProps/crate.tscn" id="15_6ob2w"]
[ext_resource type="PackedScene" uid="uid://cd2sokl2hqfxm" path="res://prefabs/gameplayObjects/furnitureAndProps/cart.tscn" id="16_rcu87"]

[sub_resource type="CylinderMesh" id="CylinderMesh_mnhcf"]

[node name="Day8" type="Node3D"]
script = ExtResource("1_e1eas")
metadata/_edit_lock_ = true

[node name="VillageEnvScene" parent="." instance=ExtResource("1_83ftn")]
metadata/_edit_lock_ = true

[node name="GameplayObjects" type="Node3D" parent="."]
metadata/_edit_lock_ = true

[node name="Player" parent="GameplayObjects" instance=ExtResource("2_e7q4a")]
transform = Transform3D(-0.129142, 0, -0.991627, 0, 1, 0, 0.991627, 0, -0.129142, -21, 0.89, -26)

[node name="Priest" parent="GameplayObjects" node_paths=PackedStringArray("sharedDialogue") instance=ExtResource("3_gyebx")]
transform = Transform3D(-0.141298, 0, -0.989967, 0, 1, 0, 0.989967, 0, -0.141298, 1.05374, -0.0977421, -23.8462)
sharedDialogue = NodePath("../GroupDialogue")

[node name="Hunter" parent="GameplayObjects" node_paths=PackedStringArray("sharedDialogue") instance=ExtResource("4_qqqmy")]
transform = Transform3D(0.830022, 0, -0.557731, 0, 1, 0, 0.557731, 0, 0.830022, -0.774402, 0, -25.9667)
sharedDialogue = NodePath("../GroupDialogue")

[node name="Merchant" parent="GameplayObjects" node_paths=PackedStringArray("sharedDialogue") instance=ExtResource("5_0trnn")]
transform = Transform3D(0.944284, 0, 0.32913, 0, 1, 0, -0.32913, 0, 0.944284, -2.49643, 0, -25.624)
sharedDialogue = NodePath("../GroupDialogue")

[node name="Tailor" parent="GameplayObjects" node_paths=PackedStringArray("sharedDialogue") instance=ExtResource("6_c426k")]
transform = Transform3D(-0.985166, 0, 0.171602, 0, 1, 0, -0.171602, 0, -0.985166, -2.1736, 0, -21.0007)
sharedDialogue = NodePath("../GroupDialogue")

[node name="Carpenter" parent="GameplayObjects" node_paths=PackedStringArray("sharedDialogue") instance=ExtResource("7_rbo54")]
transform = Transform3D(-0.700025, 0, -0.714118, 0, 1, 0, 0.714118, 0, -0.700025, -0.818804, 0, -21.3722)
sharedDialogue = NodePath("../GroupDialogue")

[node name="GroupDialogue" type="Node" parent="GameplayObjects"]
script = ExtResource("8_txfji")
timeline = ExtResource("9_tq8r5")

[node name="Chameleon" parent="GameplayObjects" instance=ExtResource("10_teh3m")]
transform = Transform3D(1, 0, 0, 0, 1, 0, 0, 0, 1, 0, 0, -15.1229)

[node name="Stinkhorn" parent="GameplayObjects" instance=ExtResource("11_ltu40")]
transform = Transform3D(1, 0, 0, 0, 1, 0, 0, 0, 1, -3.22664, 0, -16.4974)

[node name="CSGMesh3D" type="CSGMesh3D" parent="." node_paths=PackedStringArray("interactable")]
transform = Transform3D(1, 0, 0, 0, 1, 0, 0, 0, 1, -21.094, 0.957601, -23.9163)
use_collision = true
mesh = SubResource("CylinderMesh_mnhcf")
script = ExtResource("12_tae03")
interactable = NodePath("Interactable")
nextNightPath = "res://scenes/nights/night2.tscn"
nextDayPath = "res://scenes/days/day3.tscn"

[node name="Interactable" type="Node" parent="CSGMesh3D"]
script = ExtResource("13_coyod")
interactionName = "Bed"
interactionDescription = "Click to sleep"

[node name="Calendula" parent="." instance=ExtResource("14_l0was")]
transform = Transform3D(1, 0, 0, 0, 1, 0, 0, 0, 1, -4, 0, -19)

[node name="woodenCart" type="Node3D" parent="."]
transform = Transform3D(0.890308, 0, 0.455358, 0, 1, 0, -0.455358, 0, 0.890308, -17.463, 0, -30.988)

[node name="crate" parent="woodenCart" instance=ExtResource("15_6ob2w")]
transform = Transform3D(0.245696, 0, -0.547389, 0, 0.6, 0, 0.547389, 0, 0.245696, 0.414118, 0.115611, -2.12697)

[node name="cart" parent="woodenCart" instance=ExtResource("16_rcu87")]
transform = Transform3D(0.377761, 0, -0.925905, 0, 1, 0, 0.925905, 0, 0.377761, 0.519151, 0, 0.104183)
